000000000000000000000000000000000
000000000000000000000000000000000
000000777777777777777777777000000
000007111722273337447757766700000
000007717727777377474757677700000
000007717722277377447757767700000
000007717727777377474757776700000
000007717722277377474757667700000
000000777777777777777777777000000
000000000000000000000000000000000
000000000000000000000000000000000
000000000000000000000000000000000
000000000000000000000000000000000
000000000000777777777000000000000
000000000007777777777700000000000
000000000007777777777700000000000
000000000007777777777700000000000
000000000000777777777000000000000
000000000000000000000000000000000
000000000000000000000000000000000
000000000000000000000000000000000
000000000000000000000000000000000